name,current_price,market_cap,total_volume,MA_6,MA_24,Buy_Signal,Sell_Signal
Cardano,0.690374,24918893558,483811113,,,,
Cardano,0.690083,24909875326,479931861,,,,
Cardano,0.690083,24909875326,479931861,,,,
Cardano,0.688029,24831155657,482473991,,,,
Cardano,0.688029,24831155657,482473991,,,,
Cardano,0.690914,24933509182,497243672,0.6895853333333334,,,0.690914
Cardano,0.683863,24675713811,519160406,0.6885001666666666,,,
Cardano,0.679919,24546019324,507341714,0.6868061666666666,,0.679919,
Cardano,0.685398,24715980993,513823503,0.6860253333333333,,,0.685398
Cardano,0.684666,24712185675,494394569,0.6854648333333334,,0.684666,
Cardano,0.686726,24778871717,483540071,0.6852476666666666,,,
Cardano,0.694023,25047948305,463114072,0.6857658333333333,,,
Cardano,0.695028,25089769910,471375410,0.6876266666666666,,,
Cardano,0.696994,25155118995,463719792,0.6904724999999999,,,0.696994
Cardano,0.69601,25115006526,460867881,0.6922411666666667,,,
Cardano,0.692574,25002355595,439348445,0.6935591666666666,,0.692574,
Cardano,0.693645,25035021831,453932769,0.6947123333333334,,,
Cardano,0.695632,25096572659,470598647,0.6949804999999999,,,
Cardano,0.698767,25200583099,462166022,0.6956036666666666,,,
Cardano,0.698767,25200583099,462166022,0.6958991666666666,,,
Cardano,0.698116,25197582913,462835320,0.6962501666666666,,,
Cardano,0.698116,25197582913,462835320,0.6971738333333334,,,
Cardano,0.697959,25187927676,461829943,0.6978928333333334,,0.697959,
Cardano,0.697971,25187676186,461765641,0.6982826666666666,0.6921535833333333,,
Cardano,0.69799,25186078724,461132629,0.6981531666666666,0.6924709166666667,,
Cardano,0.698026,25189232926,461917307,0.6980296666666667,0.6928018749999999,,
Cardano,0.699506,25242996317,476960873,0.6982613333333333,0.6931945,,0.699506
Cardano,0.698112,25204232410,448273615,0.6982606666666666,0.693614625,,
Cardano,0.695534,25115474147,485188889,0.6978565,0.6939273333333333,,
Cardano,0.695534,25115474147,485188889,0.6974503333333333,0.6941198333333333,,
Cardano,0.69451,25060108173,485686851,0.6968703333333334,0.6945634583333334,,
Cardano,0.690389,24914359243,498731668,0.6955975,0.6949997083333334,,
Polkadot,4.19,6380736313,179064300,,,,
Polkadot,4.19,6378887367,177493617,,,,
Polkadot,4.19,6378887367,177493617,,,,
Polkadot,4.18,6364896944,176196174,,,,
Polkadot,4.18,6364896944,176196174,,,,
Polkadot,4.19,6384298925,176481201,4.1866666666666665,,,4.19
Polkadot,4.15,6322554690,180138518,4.18,,,
Polkadot,4.13,6291980084,180235889,4.170000000000001,,4.13,
Polkadot,4.15,6320871181,176557892,4.163333333333333,,,4.15
Polkadot,4.14,6304322182,173557966,4.156666666666667,,4.14,
Polkadot,4.15,6314976718,173375656,4.151666666666667,,,
Polkadot,4.19,6377799665,173441761,4.151666666666666,,,4.19
Polkadot,4.18,6361301193,170073788,4.156666666666666,,4.18,
Polkadot,4.19,6384827383,168224878,4.166666666666667,,,
Polkadot,4.2,6393376830,168044388,4.175,,,4.2
Polkadot,4.19,6385760797,168570427,4.183333333333334,,4.19,
Polkadot,4.2,6392236302,167270736,4.191666666666667,,,4.2
Polkadot,4.18,6364679869,163142013,4.19,,4.18,
Polkadot,4.2,6387719662,162688557,4.193333333333334,,,
Polkadot,4.2,6387719662,162688557,4.195,,,
Polkadot,4.19,6385059811,161226769,4.193333333333334,,,
Polkadot,4.19,6385059811,161226769,4.193333333333333,,,
Polkadot,4.18,6362710977,161717511,4.19,,,
Polkadot,4.18,6362710977,161694479,4.19,4.179583333333333,,
Polkadot,4.17,6358457544,162237945,4.185,4.17875,,
Polkadot,4.17,6349707463,162400464,4.18,4.177916666666667,,
Polkadot,4.17,6355365665,161341489,4.176666666666667,4.177083333333333,,
Polkadot,4.16,6328733231,162748169,4.171666666666667,4.1762500000000005,,
Polkadot,4.14,6308846038,162677073,4.165,4.1745833333333335,,
Polkadot,4.14,6308846038,162677073,4.158333333333333,4.1725,,
Polkadot,4.14,6296575459,163005179,4.153333333333333,4.172083333333334,,
Polkadot,4.08,6216730477,183999156,4.138333333333333,4.17,,
Chainlink,14.36,9444862637,381649190,,,,
Chainlink,14.34,9433921610,380233737,,,,
Chainlink,14.34,9433921610,380233737,,,,
Chainlink,14.28,9380758679,371490255,,,,
Chainlink,14.28,9380758679,371490255,,,,
Chainlink,14.35,9429161499,374872619,14.325000000000001,,,14.35
Chainlink,14.21,9337326282,365339100,14.299999999999999,,,
Chainlink,14.08,9255969344,369621151,14.256666666666666,,14.08,
Chainlink,14.2,9322716953,356928552,14.233333333333333,,,14.2
Chainlink,14.12,9276171913,345017243,14.206666666666669,,14.12,
Chainlink,14.14,9290728940,330694411,14.183333333333335,,,
Chainlink,14.34,9425159066,287278197,14.181666666666665,,,14.34
Chainlink,14.29,9391255554,308774386,14.195,,14.29,
Chainlink,14.36,9437583621,305618618,14.241666666666667,,,
Chainlink,14.37,9441177200,298428949,14.270000000000001,,,14.37
Chainlink,14.32,9410330763,295097586,14.303333333333333,,,
Chainlink,14.28,9382501281,293980578,14.326666666666666,,,
Chainlink,14.28,9378792011,290371278,14.316666666666668,,,
Chainlink,14.35,9425327697,296335692,14.326666666666666,,,
Chainlink,14.35,9425327697,296335692,14.324999999999998,,,
Chainlink,14.39,9452957167,288619097,14.328333333333333,,,
Chainlink,14.39,9452957167,288619097,14.339999999999998,,,
Chainlink,14.37,9450135413,290895820,14.354999999999999,,,
Chainlink,14.37,9442323364,291261471,14.37,14.298333333333332,,
Chainlink,14.36,9436596435,291135901,14.371666666666668,14.298333333333332,,
Chainlink,14.35,9431097538,291138458,14.371666666666664,14.29875,14.35,
Chainlink,14.38,9449894102,290789722,14.37,14.300416666666665,,14.38
Chainlink,14.33,9418870745,289314572,14.36,14.3025,,
Chainlink,14.26,9369738044,288239543,14.341666666666667,14.301666666666664,,
Chainlink,14.26,9369738044,288239543,14.323333333333332,14.297916666666666,,
Chainlink,14.23,9354037483,286892718,14.301666666666668,14.298749999999998,,
Chainlink,14.14,9289826493,288304441,14.266666666666667,14.301249999999998,,
Litecoin,90.07,6837159694,300972703,,,,
Litecoin,90.05,6836992111,295363982,,,,
Litecoin,90.05,6836992111,295363982,,,,
Litecoin,90.06,6835679304,298922253,,,,
Litecoin,90.06,6835679304,298922253,,,,
Litecoin,90.4,6864370738,296590632,90.11500000000001,,,90.4
Litecoin,89.96,6830114833,292363429,90.09666666666668,,,
Litecoin,89.35,6787344138,295880931,89.98,,89.35,
Litecoin,89.76,6815073343,285920703,89.93166666666667,,,89.76
Litecoin,89.61,6805111139,290083230,89.85666666666667,,89.61,
Litecoin,89.99,6830792251,286362751,89.84500000000001,,,
Litecoin,90.44,6865778659,289904214,89.85166666666667,,,90.44
Litecoin,90.19,6850092383,289195345,89.89,,90.19,
Litecoin,90.6,6879012927,286260634,90.09833333333331,,,
Litecoin,90.81,6894773567,287061774,90.27333333333333,,,90.81
Litecoin,90.42,6865143506,265607343,90.40833333333332,,,
Litecoin,90.18,6847078993,268019410,90.44,,90.18,
Litecoin,90.29,6853733012,267330793,90.415,,,
Litecoin,90.59,6877344414,266802367,90.48166666666667,,,
Litecoin,90.59,6877344414,266802367,90.48,,,
Litecoin,90.53,6874421327,259791558,90.43333333333334,,,
Litecoin,90.53,6874421327,259791558,90.45166666666667,,,
Litecoin,90.44,6870158880,259942999,90.495,,90.44,
Litecoin,90.48,6866726680,282514462,90.52666666666669,90.22708333333333,,90.48
Litecoin,90.43,6869003472,282877191,90.5,90.24208333333333,,
Litecoin,90.42,6865467190,283134993,90.47166666666665,90.25750000000001,90.42,
Litecoin,90.67,6883653053,286457632,90.495,90.28333333333332,,
Litecoin,90.84,6899211542,281758816,90.54666666666668,90.31583333333333,,90.84
Litecoin,90.64,6883032542,282839094,90.58,90.33999999999999,,
Litecoin,90.64,6883032542,282839094,90.60666666666667,90.35000000000001,,
Litecoin,90.43,6866563598,281034505,90.60666666666667,90.36958333333332,,
Litecoin,89.96,6830270676,284379586,90.53000000000002,90.395,,
Uniswap,6.7,4023109009,486617180,,,,
Uniswap,6.69,4017387788,495600600,,,,
Uniswap,6.69,4017387788,495600600,,,,
Uniswap,6.65,3995014164,484862035,,,,
Uniswap,6.65,3995014164,484862035,,,,
Uniswap,6.72,4030141758,500079288,6.683333333333334,,,6.72
Uniswap,6.69,4019787345,502774769,6.681666666666666,,,
Uniswap,6.63,3984246522,505448545,6.671666666666667,,6.63,
Uniswap,6.67,4002998035,504928312,6.668333333333334,,,6.67
Uniswap,6.64,3985534510,493426141,6.666666666666667,,,
Uniswap,6.63,3977244589,506238934,6.663333333333333,,6.63,
Uniswap,6.66,4004574356,484224690,6.653333333333333,,,
Uniswap,6.67,4008264241,462957944,6.650000000000001,,,
Uniswap,6.72,4037190532,452859246,6.665,,,
Uniswap,6.72,4032945788,459196979,6.673333333333333,,,
Uniswap,6.73,4044150706,462641256,6.688333333333333,,,
Uniswap,6.74,4044731004,457627748,6.706666666666667,,,6.74
Uniswap,6.7,4022150182,458978587,6.713333333333334,,6.7,
Uniswap,6.79,4074255048,468627898,6.733333333333333,,,
Uniswap,6.79,4074255048,468627898,6.745,,,
Uniswap,6.81,4092387389,462627752,6.760000000000001,,,
Uniswap,6.81,4092387389,462627752,6.773333333333333,,,
Uniswap,6.78,4074713945,462445185,6.78,,,
Uniswap,6.77,4074713945,462967082,6.791666666666667,6.710416666666667,6.77,
Uniswap,6.78,4065455229,465112779,6.789999999999999,6.713750000000001,,
Uniswap,6.78,4071050841,465564158,6.788333333333333,6.7175,,
Uniswap,6.82,4096307286,483000315,6.79,6.722916666666666,,6.82
Uniswap,6.81,4088863573,474487609,6.79,6.729583333333334,,
Uniswap,6.77,4069497809,473770816,6.788333333333333,6.734583333333333,,
Uniswap,6.77,4069497809,473770816,6.788333333333333,6.736666666666667,,
Uniswap,6.79,4073167715,478975656,6.79,6.740833333333334,,6.79
Uniswap,6.71,4028601542,490983867,6.778333333333333,6.744166666666666,,
Stellar,0.274867,8567825454,185213282,,,,
Stellar,0.27463,8558202064,185672807,,,,
Stellar,0.27463,8558202064,185672807,,,,
Stellar,0.274998,8571848951,191875062,,,,
Stellar,0.274998,8571848951,191875062,,,,
Stellar,0.275814,8598986975,192843282,0.2749895,,,0.275814
Stellar,0.273401,8522365663,193811152,0.27474516666666665,,,
Stellar,0.272706,8503663270,184825630,0.2744245,,0.272706,
Stellar,0.274313,8552389704,185631360,0.2743716666666666,,,0.274313
Stellar,0.273053,8515786839,184524936,0.2740475,,,
Stellar,0.272867,8506398103,181783311,0.27369233333333337,,0.272867,
Stellar,0.27415,8547519211,178750661,0.273415,,,0.27415
Stellar,0.273853,8539397470,182612754,0.27349033333333334,,0.273853,
Stellar,0.275068,8575766906,171168035,0.273884,,,0.275068
Stellar,0.274331,8555604471,169721839,0.273887,,,
Stellar,0.273461,8527242397,172932270,0.273955,,,
Stellar,0.273178,8517356570,172616103,0.2740068333333333,,,
Stellar,0.272797,8505320462,173881213,0.2737813333333333,,0.272797,
Stellar,0.27442,8550385976,177365228,0.2738758333333333,,,
Stellar,0.27442,8550385976,177365228,0.2737678333333333,,,
Stellar,0.274684,8564133643,173922129,0.27382666666666666,,,
Stellar,0.274684,8564133643,173922129,0.2740305,,,
Stellar,0.274876,8569432786,173603880,0.2743135,,,
Stellar,0.274876,8570415998,173635469,0.27466,0.2742114583333333,,
Stellar,0.274925,8570726434,173839673,0.2747441666666666,0.274213875,,
Stellar,0.275031,8574595488,173773134,0.274846,0.27423058333333333,,0.275031
Stellar,0.275007,8575048241,174532036,0.2748998333333333,0.27424629166666664,,
Stellar,0.274625,8564445294,174828931,0.27489,0.27423075,,
Stellar,0.273718,8534275428,173619355,0.274697,0.2741774166666667,,
Stellar,0.273718,8534275428,173619355,0.274504,0.27409008333333335,,
Stellar,0.273195,8518354417,172879827,0.2742156666666667,0.2740815,,
Stellar,0.271551,8468445713,174279285,0.27363566666666667,0.274033375,,
Aptos,5.02,3167125131,143039561,,,,
Aptos,5.02,3164527007,141711808,,,,
Aptos,5.02,3164527007,141711808,,,,
Aptos,5.01,3158377364,139808168,,,,
Aptos,5.01,3158377364,139808168,,,,
Aptos,5.02,3166397462,136023125,5.016666666666667,,,5.02
Aptos,4.98,3140426508,132791863,5.01,,,
Aptos,4.95,3127985157,132735787,4.998333333333333,,4.95,
Aptos,4.97,3137282386,120446049,4.989999999999999,,,4.97
Aptos,4.93,3113889618,131411558,4.976666666666667,,4.93,
Aptos,4.95,3118810663,128437070,4.966666666666667,,,
Aptos,4.98,3140653056,130115359,4.96,,,
Aptos,4.98,3142303723,119038869,4.96,,,
Aptos,5.0,3158349709,123374741,4.968333333333334,,,5.0
Aptos,4.99,3148299877,121058919,4.971666666666667,,,
Aptos,4.97,3135576866,118528151,4.978333333333333,,,
Aptos,4.96,3131481048,119319173,4.9799999999999995,,,
Aptos,4.94,3120621594,118246162,4.973333333333334,,4.94,
Aptos,4.97,3132337609,121152241,4.971666666666667,,,
Aptos,4.97,3132337609,121152241,4.966666666666666,,,
Aptos,4.98,3141537820,113967923,4.965,,,
Aptos,4.98,3141537820,113967923,4.966666666666668,,,
Aptos,4.97,3137882219,118210680,4.968333333333334,,,
Aptos,4.97,3135652541,119330148,4.973333333333334,4.980833333333333,,
Aptos,4.96,3132886558,119605552,4.971666666666667,4.9783333333333335,,
Aptos,4.96,3132886558,119745320,4.97,4.975833333333333,,
Aptos,4.97,3132018931,121938533,4.968333333333334,4.97375,,4.97
Aptos,4.95,3123409753,114144133,4.963333333333333,4.97125,,
Aptos,4.93,3112339071,122834850,4.956666666666666,4.9679166666666665,,
Aptos,4.93,3112339071,122834850,4.95,4.964166666666666,,
Aptos,4.92,3107990127,120385362,4.9433333333333325,4.961666666666667,,
Aptos,4.89,3086342769,116624265,4.931666666666666,4.9591666666666665,,
XRP,2.25,132470769862,2107653915,,,,
XRP,2.25,132338639670,2114615025,,,,
XRP,2.25,132338639670,2114615025,,,,
XRP,2.26,132837547413,2130495589,,,,
XRP,2.26,132837547413,2130495589,,,,
XRP,2.27,133582366849,2167735290,2.2566666666666664,,,2.27
XRP,2.25,132581861080,2259576347,2.2566666666666664,,,
XRP,2.25,132142450167,2183615889,2.2566666666666664,,,
XRP,2.26,132823569642,2211943410,2.2583333333333333,,,2.26
XRP,2.25,132121157899,2193687485,2.2566666666666664,,,
XRP,2.24,131692087077,2159821687,2.2533333333333334,,2.24,
XRP,2.25,132446934399,2079049318,2.25,,,
XRP,2.25,132278661163,2037454561,2.25,,,
XRP,2.26,132581534247,2076317833,2.2516666666666665,,,2.26
XRP,2.25,132086514796,2059057593,2.25,,,
XRP,2.24,131806894730,2057964571,2.2483333333333335,,,
XRP,2.24,131560154589,2058668943,2.2483333333333335,,,
XRP,2.24,131348397740,2060200105,2.2466666666666666,,,
XRP,2.24,131642928789,2140081867,2.245,,,
XRP,2.24,131642928789,2140081867,2.2416666666666667,,,
XRP,2.25,132044882678,2071864024,2.2416666666666667,,,
XRP,2.25,132044882678,2071864024,2.2433333333333336,,,
XRP,2.25,132260022647,2082868902,2.245,,,
XRP,2.25,132398933438,2162441379,2.2466666666666666,2.25,,
XRP,2.26,132496665735,2163860428,2.25,2.2504166666666667,,2.26
XRP,2.25,132551528244,2088202039,2.2516666666666665,2.2504166666666667,2.25,
XRP,2.26,132588167276,2101972852,2.2533333333333334,2.2508333333333335,,
XRP,2.26,132664262643,2118689707,2.255,2.2508333333333335,,
XRP,2.26,132503849614,2090798317,2.2566666666666664,2.2508333333333335,,
XRP,2.26,132503849614,2090798317,2.2583333333333333,2.2504166666666667,,
XRP,2.25,132392600144,2092404223,2.2566666666666664,2.2504166666666667,,
XRP,2.24,131663768735,1947972881,2.255,2.25,,
Avalanche,21.46,9048360162,370573856,,,,
Avalanche,21.46,9048053513,372359549,,,,
Avalanche,21.46,9048053513,372359549,,,,
Avalanche,21.43,9033969939,367370798,,,,
Avalanche,21.43,9033969939,367370798,,,,
Avalanche,21.54,9080199254,330848313,21.463333333333335,,,21.54
Avalanche,21.23,8954218409,367912256,21.424999999999997,,,
Avalanche,21.08,8890532610,369264869,21.361666666666665,,21.08,
Avalanche,21.24,8957188600,358383414,21.325,,,21.24
Avalanche,21.13,8906879085,351521051,21.275,,21.13,
Avalanche,21.19,8924643357,349268255,21.235,,,
Avalanche,21.51,9064182850,324477812,21.23,,,21.51
Avalanche,21.45,9046407065,338321555,21.266666666666666,,21.45,
Avalanche,21.53,9076961505,332282483,21.34166666666667,,,21.53
Avalanche,21.43,9036637437,330214690,21.373333333333335,,,
Avalanche,21.39,9018056665,328537027,21.416666666666668,,21.39,
Avalanche,21.45,9043198932,332123591,21.460000000000004,,,21.45
Avalanche,21.41,9024485805,331735615,21.44333333333333,,21.41,
Avalanche,21.49,9057355257,330127325,21.45,,,
Avalanche,21.49,9057355257,330127325,21.44333333333333,,,
Avalanche,21.45,9052345998,328852457,21.446666666666662,,,
Avalanche,21.45,9052345998,328852457,21.456666666666667,,,
Avalanche,21.39,9018812496,332596627,21.44666666666667,,,
Avalanche,21.39,9018812496,333844738,21.44333333333333,21.395,,
Avalanche,21.38,9015864178,331772916,21.424999999999997,21.391666666666666,,
Avalanche,21.37,9011243755,332183962,21.405,21.387916666666666,,
Avalanche,21.35,8999057850,334807228,21.388333333333332,21.383333333333336,,
Avalanche,21.23,8951503771,334595785,21.35166666666667,21.375,,
Avalanche,21.14,8920569553,335280262,21.31,21.362916666666667,,
Avalanche,21.14,8920569553,335280262,21.268333333333334,21.34625,,
Avalanche,21.09,8899241037,333391974,21.22,21.340416666666666,,
Avalanche,20.99,8848121800,337630887,21.156666666666666,21.33666666666667,,
